1 2 3 4 1 
1 2 3 1 
1 5 2 3 4 1 
1 2 3 1 
1 2 3 1 
1 2 3 4 1 
1 2 3 4 1 
1 2 3 4 1 
1 5 2 3 1 
1 2 3 1 
1 2 3 1 
1 5 2 3 4 1 
1 2 3 1 
1 5 2 3 1 
1 5 2 3 4 1 
1 5 2 3 1 
1 2 3 4 1 
1 5 2 3 1 
1 2 3 3 1 
1 2 3 1 
1 5 2 3 1 
1 2 3 4 1 
1 5 2 3 4 1 
1 5 2 3 1 
1 5 2 3 4 1 
1 5 2 3 1 
1 5 2 3 1 
1 5 2 3 4 1 
1 2 3 4 1 
1 2 3 1 
1 5 2 3 1 
1 2 3 1 
1 2 3 4 1 
1 2 3 4 1 
1 2 3 4 1 
1 2 3 4 1 
1 2 3 1 
1 5 2 3 1 
1 5 2 3 1 
1 5 2 3 4 1 
1 5 2 3 1 
1 2 3 1 
1 2 3 4 1 
1 2 3 1 
1 2 3 4 1 
1 2 3 1 
1 2 3 1 
1 2 3 1 
1 5 2 3 1 
1 2 3 1 
1 2 3 1 
1 5 2 3 1 
1 5 2 3 1 
1 5 2 3 1 
1 2 3 4 1 
1 5 2 3 1 
1 5 2 3 1 
1 5 2 3 4 1 
1 5 2 3 1 
1 5 2 3 4 1 
1 2 3 1 
1 2 3 4 1 
1 2 3 4 1 
1 5 2 3 1 
1 2 3 1 
1 2 3 3 1 
1 5 2 2 3 4 1 
1 5 2 3 1 
1 5 2 3 1 
1 2 3 1 
1 5 2 3 1 
1 5 2 3 1 
1 2 3 1 
1 2 3 1 
1 2 3 4 1 
1 2 3 1 
1 5 2 3 1 
1 2 3 4 1 
1 2 3 1 
1 5 2 3 1 
1 2 3 4 1 
1 5 2 3 1 
1 2 3 4 1 
1 5 2 3 1 
1 5 2 3 1 
1 2 3 4 1 
1 6 1 
1 7 6 1 
1 6 3 1 
1 6 3 1 
1 6 3 1 
1 6 3 1 
1 7 6 3 8 9 1 
1 6 3 1 
1 7 6 10 3 9 1 
1 7 6 3 8 9 1 
1 7 6 3 1 
1 6 3 10 9 1 
1 6 3 1 
1 7 6 3 1 
1 6 3 1 
1 7 6 1 
1 6 1 
1 7 6 3 1 
1 7 6 3 1 
1 7 6 3 1 
1 6 3 1 
1 7 6 3 8 1 
1 6 1 
1 6 1 
1 7 6 3 1 
1 6 3 1 
1 7 6 3 1 
1 6 10 9 1 
1 6 3 1 
1 6 10 3 1 
1 6 3 1 
1 7 6 1 
1 6 3 1 
1 6 1 
1 7 6 10 3 9 1 
1 6 1 
1 7 6 3 10 9 1 
1 7 6 3 1 
1 7 6 3 8 9 1 
1 6 3 1 
1 7 6 1 
1 7 6 1 
1 6 1 
1 6 3 1 
1 7 6 3 1 
1 7 6 3 1 
1 6 1 
1 7 6 3 8 9 1 
1 6 1 
1 6 3 1 
1 7 6 3 8 9 1 
1 6 3 1 
1 7 6 3 8 9 1 
1 7 6 3 1 
1 7 6 3 8 9 1 
1 6 1 
1 6 1 
1 6 8 3 9 1 
1 7 6 10 3 9 1 
1 6 3 1 
1 6 1 
1 6 1 
1 7 6 10 3 9 1 
1 6 3 1 
1 6 3 1 
1 7 6 3 8 9 1 
1 7 6 3 1 
1 6 3 1 
1 6 1 
1 7 6 3 1 
1 6 8 3 9 1 
1 6 3 10 9 1 
1 6 1 
1 6 3 1 
1 7 6 8 3 1 
1 7 6 3 8 9 1 
1 7 6 3 1 
1 7 6 8 3 1 
1 6 3 1 
1 6 1 
1 6 3 1 
1 7 6 3 1 
1 6 1 
1 6 3 1 
1 6 3 1 
1 6 1 
1 7 6 3 1 
1 6 1 
1 11 12 13 13 14 1 
1 12 15 16 13 14 1 
1 11 12 13 15 16 14 1 
1 17 18 12 15 13 14 1 
1 12 15 16 13 14 1 
1 12 13 15 16 14 1 
1 18 17 12 13 13 14 1 
1 11 12 13 13 14 1 
1 11 12 13 14 1 
1 17 12 13 16 14 1 
1 17 12 15 13 14 1 
1 11 12 13 15 16 14 1 
1 17 18 12 15 13 14 1 
1 12 15 16 13 14 1 
1 11 12 16 15 13 14 1 
1 11 12 15 13 14 1 
1 19 20 21 22 1 
1 19 20 21 22 1 
1 19 20 21 22 20 22 1 
1 19 20 21 22 1 
1 19 20 21 1 
1 20 21 22 1 
1 19 20 21 22 20 22 1 
1 19 20 21 22 1 
1 19 20 21 22 1 
1 19 20 21 22 1 
1 16 19 20 21 22 1 
1 19 23 20 21 22 1 
1 19 20 21 22 20 22 1 
1 19 20 21 22 1 
1 16 19 23 20 21 22 1 
1 19 20 21 22 1 
1 23 21 19 20 22 1 
1 19 20 22 1 
1 19 20 21 22 1 
1 19 20 21 22 1 
1 20 22 1 
1 19 20 22 1 
1 16 19 20 21 22 1 
1 19 23 20 21 22 1 
1 24 19 20 21 22 1 
1 16 19 23 20 21 22 1 
1 19 20 21 22 20 22 1 
1 19 20 22 1 
1 16 19 20 21 22 1 
1 19 20 21 22 1 
1 19 20 21 22 1 
1 19 20 22 1 
1 19 20 21 22 1 
1 24 19 20 21 22 1 
1 19 20 21 22 1 
1 19 20 21 22 1 
1 19 20 21 22 1 
1 20 22 1 
1 24 19 20 21 22 1 
1 16 19 20 21 22 1 
1 16 19 20 21 22 1 
1 19 23 20 22 1 
1 19 20 21 22 1 
1 19 20 21 22 1 
1 16 21 19 23 20 22 1 
1 16 24 19 23 20 21 22 1 
1 16 24 19 23 20 21 22 20 22 1 
1 24 19 20 22 20 22 20 22 20 22 1 
1 19 20 21 22 1 
1 16 24 19 20 21 22 1 
1 21 19 20 22 1 
1 20 21 22 1 
1 19 20 22 1 
1 19 20 21 22 1 
1 19 20 21 22 1 
1 19 20 21 22 1 
1 19 21 23 20 22 1 
1 19 20 21 22 20 22 1 
1 23 19 20 21 22 1 
1 19 20 21 22 1 
1 19 20 21 1 
1 3 25 1 
1 25 3 26 1 
1 25 3 26 1 
1 25 3 26 1 
1 25 3 26 1 
1 25 3 26 1 
1 25 3 26 1 
1 3 25 1 
1 3 25 26 1 
1 25 3 26 1 
1 7 25 3 26 1 
1 25 3 26 25 26 1 
1 3 25 26 1 
1 7 25 3 26 1 
1 25 3 26 1 
1 7 25 3 26 1 
1 25 3 26 1 
1 25 3 26 1 
1 12 27 3 28 17 29 30 1 
1 12 27 3 28 28 29 16 30 31 1 
1 12 27 3 28 11 29 30 16 31 1 
1 12 32 3 28 29 30 31 1 
1 11 12 32 3 28 32 28 29 30 16 31 1 
1 12 32 3 28 17 29 30 31 1 
1 12 11 27 28 3 28 29 1 
1 12 27 3 28 3 28 17 29 30 16 31 1 
1 12 27 28 3 28 29 30 16 31 1 
1 12 27 3 28 29 30 31 1 
1 12 27 3 28 11 28 29 16 30 31 1 
1 12 3 32 28 17 29 30 31 1 
1 12 27 3 28 11 29 30 16 31 1 
1 12 27 3 28 28 29 16 30 31 1 
1 27 12 3 28 11 28 29 30 16 30 31 1 
1 12 27 3 28 29 30 1 
1 27 12 3 28 17 29 30 16 31 1 
1 12 27 28 3 28 29 30 16 31 1 
1 12 27 3 28 11 29 30 16 31 1 
1 12 32 3 28 29 30 31 1 
1 5 12 27 3 28 17 29 30 16 31 1 
1 12 27 3 11 28 28 29 30 16 31 1 
1 11 12 32 3 28 32 28 29 30 16 31 1 
1 12 3 27 28 3 28 3 28 17 28 29 30 17 30 16 31 1 
1 12 27 3 28 11 29 30 16 31 1 
1 12 27 3 28 11 28 29 16 30 31 1 
1 12 27 3 28 17 28 29 30 16 31 1 
1 12 27 28 3 28 29 30 16 30 31 1 
1 27 3 12 28 11 29 30 16 31 1 
1 27 3 12 28 11 29 30 16 31 1 
1 12 3 32 28 17 29 30 31 1 
1 27 12 28 3 3 28 29 30 17 30 16 31 1 
1 12 27 3 28 29 30 1 
1 12 27 3 28 29 30 16 31 1 
1 12 3 32 28 17 29 30 31 1 
1 27 12 3 11 28 29 30 16 31 1 
1 12 27 3 28 29 30 31 1 
1 12 27 3 28 17 28 29 30 16 31 1 
1 5 12 27 3 28 17 29 30 16 31 1 
1 12 11 27 28 3 28 29 1 
1 27 12 3 11 28 29 30 16 31 1 
1 16 33 5 34 35 33 34 1 
1 33 5 34 33 35 33 34 1 
1 16 5 33 34 33 35 33 34 1 
1 33 34 35 33 34 1 
1 33 34 33 34 33 34 33 34 33 34 33 34 1 
1 33 35 33 34 33 35 33 34 33 34 33 34 1 
1 33 35 33 34 33 35 33 34 33 34 33 34 1 
1 35 33 5 34 1 
1 35 33 5 34 1 
1 24 35 33 34 33 34 33 34 33 34 1 
1 16 35 33 5 34 1 
1 35 33 35 33 34 33 34 33 35 33 34 33 34 33 34 36 1 
1 35 33 5 34 1 
1 33 5 34 1 
1 24 33 5 33 34 33 35 33 34 36 1 
1 35 33 34 35 33 34 35 33 34 1 
1 33 34 33 34 35 33 34 1 
1 35 33 35 33 34 33 34 33 35 33 34 33 34 33 34 36 1 
1 16 16 24 33 35 33 1 
1 33 5 34 1 
1 33 5 34 1 
1 35 33 35 33 34 35 33 34 1 
1 33 35 33 34 33 35 33 34 1 
1 16 16 24 33 35 33 1 
1 33 35 24 33 34 33 34 33 34 1 
1 16 33 1 
1 33 34 33 33 34 36 1 
1 16 33 35 33 5 34 36 1 
1 24 35 33 34 33 1 
1 24 33 5 33 34 33 35 33 34 36 1 
1 5 33 34 33 35 34 35 33 34 1 
1 33 35 24 33 34 33 34 33 34 1 
1 33 34 33 34 33 34 1 
1 16 5 33 35 33 34 33 34 33 34 33 34 33 34 33 34 36 1 
1 33 35 33 35 33 35 33 35 33 1 
1 5 33 34 33 34 33 34 33 34 33 34 1 
1 16 35 33 34 33 34 36 1 
1 16 35 33 35 33 1 
1 16 33 5 34 33 35 33 34 1 
1 33 34 35 33 34 1 
1 33 34 35 33 34 1 
1 33 34 33 34 35 33 34 1 
1 24 35 33 34 33 1 
1 24 16 33 5 34 33 35 33 34 1 
1 33 34 33 34 33 34 1 
1 16 33 1 
1 33 35 34 35 34 35 34 35 33 34 1 
1 16 33 5 34 33 35 33 34 1 
1 35 33 34 33 34 33 34 33 34 1 
1 33 5 34 33 34 33 34 36 1 
1 35 33 34 33 34 33 34 33 34 33 34 1 
1 33 34 33 33 34 36 1 
1 16 24 35 5 33 34 33 34 33 34 1 
1 33 35 33 34 33 34 1 
1 16 33 1 
1 35 33 34 35 33 34 35 33 34 35 33 34 35 34 35 33 34 35 33 34 35 33 34 1 
1 33 34 33 34 33 34 1 
1 33 34 35 33 34 1 
1 33 34 33 34 35 33 34 36 1 
1 33 34 33 34 33 34 1 
1 5 35 33 34 33 35 33 35 33 34 36 1 
1 35 33 35 33 34 33 34 33 35 33 34 33 34 33 34 36 1 
1 37 38 39 1 
1 24 37 38 39 40 1 
1 37 39 40 1 
1 37 38 39 40 1 
1 37 39 40 1 
1 37 41 38 39 1 
1 37 38 39 1 
1 37 38 39 1 
1 38 39 1 
1 37 24 38 39 40 1 
1 37 38 39 1 
1 37 38 39 1 
1 37 38 39 40 1 
1 37 38 39 40 1 
1 24 37 38 39 40 1 
1 37 38 39 40 1 
1 37 38 42 39 40 1 
1 37 38 42 39 40 1 
1 37 42 38 39 40 1 
1 16 37 38 39 40 1 
1 16 37 38 39 40 1 
1 24 37 38 39 40 1 
1 37 24 38 39 1 
1 24 42 37 38 39 1 
1 37 38 39 1 
1 37 38 39 1 
1 37 24 38 39 1 
1 37 38 39 40 1 
1 24 16 37 38 39 1 
1 37 38 39 1 
1 16 37 38 39 1 
1 37 38 39 1 
1 37 38 39 40 1 
1 37 38 42 39 40 1 
1 37 38 42 39 40 1 
1 37 38 39 40 1 
1 24 37 41 38 39 1 
1 37 39 40 1 
1 37 38 39 1 
1 37 38 39 40 1 
1 37 42 38 39 38 39 1 
1 24 16 37 38 39 1 
1 37 38 42 39 1 
1 37 38 39 1 
1 37 16 38 39 1 
1 37 38 39 40 1 
1 37 38 39 40 1 
1 37 38 39 40 1 
1 37 38 39 1 
1 37 38 39 40 1 
1 37 38 39 40 1 
1 37 38 39 1 
1 37 24 38 39 1 
1 24 37 38 39 40 1 
1 37 16 38 39 1 
1 37 38 39 40 1 
1 11 5 12 15 11 43 44 45 16 14 1 
1 11 12 45 15 45 16 14 1 
1 17 12 45 15 45 14 1 
1 12 15 43 11 16 44 45 14 1 
1 17 12 15 45 14 1 
1 11 15 12 45 15 45 16 14 1 
1 12 12 15 45 15 45 16 14 1 
1 11 12 45 15 16 14 1 
1 11 12 45 15 45 16 14 1 
1 17 12 45 15 45 14 1 
1 11 12 45 15 16 14 1 
1 11 12 45 15 45 16 14 1 
1 17 12 43 44 45 14 1 
1 17 12 15 45 14 1 
1 17 12 45 16 14 1 
1 11 5 12 15 11 43 44 45 16 14 1 
1 5 11 12 15 43 44 45 16 14 1 
1 11 12 45 15 45 16 14 1 
1 12 15 43 44 45 16 14 1 
1 12 15 43 17 44 45 14 1 
1 12 15 43 17 44 45 16 14 1 
1 11 12 45 15 45 16 14 1 
1 17 12 45 16 14 1 
1 17 12 15 45 14 1 
1 12 12 43 15 43 17 43 44 45 16 14 1 
1 12 45 15 45 14 1 
1 11 12 45 15 45 16 14 1 
1 12 43 15 43 17 44 45 14 1 
1 11 12 15 43 44 45 16 14 1 
1 12 12 15 45 15 45 16 14 1 
1 17 12 43 44 45 15 45 16 14 1 
1 12 12 15 45 15 45 16 14 1 
1 17 12 45 16 14 1 
1 12 43 15 11 44 45 14 1 
1 12 15 43 17 44 45 16 14 1 
1 16 12 15 45 15 15 14 1 
1 12 45 16 14 1 
1 17 12 43 44 45 15 45 16 14 1 
1 12 15 43 44 45 16 14 1 
1 11 12 45 15 45 15 1 
1 12 43 15 11 44 45 14 1 
1 17 12 45 16 14 1 
1 11 12 15 45 16 14 1 
1 18 11 11 12 12 15 45 16 14 1 
1 17 12 45 15 45 16 14 1 
1 17 12 45 15 45 16 14 1 
1 12 43 44 45 1 
1 12 15 43 17 44 45 14 1 
1 12 43 44 45 1 
1 11 15 12 45 15 45 16 14 1 
1 17 12 43 44 45 15 45 16 14 1 
1 11 12 15 45 16 14 1 
1 17 12 15 45 14 1 
1 17 12 15 43 44 45 16 14 1 
1 12 45 15 14 1 
1 12 43 44 45 1 
