0.0 9.0 333.0 602.0 642.0 
0.0 44.0 212.0 344.0 
0.0 30.0 150.0 428.0 575.0 705.0 
0.0 12.0 251.0 446.0 
0.0 95.0 347.0 1326.0 
0.0 6.0 386.0 595.0 737.0 
0.0 10.0 291.0 526.0 832.0 
0.0 26.0 190.0 362.0 406.0 
0.0 13.0 69.0 471.0 645.0 
0.0 21.0 238.0 379.0 
0.0 9.0 269.0 474.0 
0.0 21.0 164.0 433.0 803.0 861.0 
0.0 39.0 322.0 521.0 
0.0 95.0 192.0 392.0 613.0 
0.0 96.0 229.0 607.0 776.0 856.0 
0.0 95.0 192.0 392.0 613.0 
0.0 9.0 333.0 602.0 642.0 
0.0 29.0 245.0 521.0 682.0 
0.0 39.0 299.0 357.0 597.0 
0.0 304.0 484.0 596.0 
0.0 45.0 101.0 901.0 1133.0 
0.0 53.0 319.0 478.0 594.0 
0.0 44.0 64.0 245.0 409.0 490.0 
0.0 14.0 56.0 308.0 494.0 
0.0 23.0 93.0 348.0 542.0 693.0 
0.0 29.0 245.0 521.0 682.0 
0.0 45.0 101.0 901.0 1133.0 
0.0 30.0 150.0 428.0 575.0 705.0 
0.0 10.0 291.0 526.0 832.0 
0.0 12.0 251.0 446.0 
0.0 30.0 158.0 463.0 623.0 
0.0 42.0 266.0 434.0 
0.0 6.0 386.0 595.0 737.0 
0.0 9.0 333.0 602.0 642.0 
0.0 26.0 190.0 362.0 406.0 
0.0 10.0 291.0 526.0 832.0 
0.0 39.0 322.0 521.0 
0.0 14.0 56.0 308.0 494.0 
0.0 45.0 101.0 901.0 1133.0 
0.0 96.0 229.0 607.0 776.0 856.0 
0.0 30.0 158.0 463.0 623.0 
0.0 32.0 484.0 693.0 
0.0 53.0 319.0 478.0 594.0 
0.0 95.0 347.0 1326.0 
0.0 169.0 331.0 501.0 522.0 
0.0 59.0 241.0 395.0 
0.0 42.0 266.0 434.0 
0.0 82.0 213.0 330.0 
0.0 71.0 118.0 393.0 591.0 
0.0 12.0 251.0 446.0 
0.0 42.0 266.0 434.0 
0.0 18.0 133.0 512.0 672.0 
0.0 45.0 101.0 901.0 1133.0 
0.0 1.0 103.0 383.0 566.0 
0.0 69.0 329.0 529.0 599.0 
0.0 8.0 52.0 258.0 422.0 
0.0 14.0 56.0 308.0 494.0 
0.0 96.0 229.0 607.0 776.0 856.0 
0.0 71.0 118.0 393.0 591.0 
0.0 23.0 93.0 348.0 542.0 693.0 
0.0 304.0 484.0 596.0 
0.0 6.0 386.0 595.0 737.0 
0.0 26.0 190.0 362.0 406.0 
0.0 14.0 56.0 308.0 494.0 
0.0 59.0 241.0 395.0 
0.0 39.0 299.0 357.0 597.0 
0.0 8.0 44.0 378.0 522.0 758.0 875.0 
0.0 28.0 136.0 429.0 598.0 
0.0 1.0 103.0 383.0 566.0 
0.0 55.0 233.0 405.0 
0.0 18.0 133.0 512.0 672.0 
0.0 29.0 245.0 521.0 682.0 
0.0 32.0 354.0 512.0 
0.0 123.0 278.0 351.0 
0.0 6.0 386.0 595.0 737.0 
0.0 63.0 297.0 463.0 
0.0 29.0 245.0 521.0 682.0 
0.0 169.0 331.0 501.0 522.0 
0.0 63.0 297.0 463.0 
0.0 21.0 233.0 593.0 836.0 
0.0 49.0 449.0 610.0 925.0 
0.0 13.0 69.0 471.0 645.0 
0.0 69.0 329.0 529.0 599.0 
0.0 30.0 138.0 373.0 576.0 
0.0 30.0 158.0 463.0 623.0 
0.0 69.0 329.0 529.0 599.0 
0.0 1.0 264.0 
0.0 1.0 141.0 286.0 
0.0 45.0 300.0 568.0 
0.0 30.0 141.0 308.0 
0.0 30.0 141.0 308.0 
0.0 1.0 145.0 370.0 
0.0 10.0 54.0 302.0 479.0 635.0 822.0 
0.0 56.0 195.0 441.0 
0.0 47.0 91.0 295.0 413.0 563.0 812.0 
0.0 6.0 92.0 287.0 432.0 602.0 688.0 
0.0 1.0 76.0 277.0 475.0 
0.0 16.0 147.0 320.0 559.0 629.0 
0.0 1.0 145.0 370.0 
0.0 1.0 76.0 277.0 475.0 
0.0 56.0 195.0 441.0 
0.0 1.0 141.0 286.0 
0.0 1.0 264.0 
0.0 282.0 336.0 576.0 801.0 
0.0 1.0 161.0 441.0 686.0 
0.0 83.0 121.0 381.0 496.0 
0.0 143.0 506.0 590.0 
0.0 1.0 104.0 190.0 285.0 476.0 
0.0 24.0 184.0 
0.0 24.0 184.0 
0.0 38.0 199.0 378.0 775.0 
0.0 30.0 141.0 308.0 
0.0 1.0 76.0 277.0 475.0 
0.0 1.0 561.0 931.0 1111.0 
0.0 45.0 300.0 568.0 
0.0 1.0 601.0 714.0 920.0 
0.0 1.0 181.0 336.0 
0.0 1.0 141.0 286.0 
0.0 143.0 506.0 590.0 
0.0 71.0 236.0 
0.0 47.0 91.0 295.0 413.0 563.0 812.0 
0.0 37.0 253.0 
0.0 176.0 286.0 426.0 546.0 736.0 961.0 
0.0 22.0 57.0 272.0 421.0 
0.0 10.0 54.0 302.0 479.0 635.0 822.0 
0.0 143.0 506.0 590.0 
0.0 1.0 179.0 555.0 
0.0 1.0 141.0 286.0 
0.0 37.0 253.0 
0.0 1.0 461.0 710.0 
0.0 282.0 336.0 576.0 801.0 
0.0 38.0 199.0 378.0 775.0 
0.0 71.0 236.0 
0.0 36.0 116.0 361.0 564.0 759.0 924.0 
0.0 71.0 236.0 
0.0 115.0 555.0 825.0 
0.0 36.0 116.0 361.0 564.0 759.0 924.0 
0.0 45.0 300.0 568.0 
0.0 10.0 54.0 302.0 479.0 635.0 822.0 
0.0 38.0 199.0 378.0 775.0 
0.0 36.0 116.0 361.0 564.0 759.0 924.0 
0.0 24.0 184.0 
0.0 1.0 158.0 
0.0 10.0 310.0 418.0 563.0 690.0 
0.0 41.0 119.0 334.0 611.0 971.0 1124.0 
0.0 68.0 203.0 403.0 
0.0 24.0 184.0 
0.0 1.0 261.0 
0.0 47.0 91.0 295.0 413.0 563.0 812.0 
0.0 1.0 289.0 388.0 
0.0 115.0 555.0 825.0 
0.0 36.0 116.0 361.0 564.0 759.0 924.0 
0.0 282.0 336.0 576.0 801.0 
0.0 1.0 461.0 710.0 
0.0 1.0 226.0 
0.0 22.0 57.0 272.0 421.0 
0.0 10.0 310.0 418.0 563.0 690.0 
0.0 16.0 147.0 320.0 559.0 629.0 
0.0 37.0 253.0 
0.0 30.0 141.0 308.0 
0.0 231.0 541.0 831.0 932.0 1102.0 
0.0 6.0 92.0 287.0 432.0 602.0 688.0 
0.0 22.0 57.0 272.0 421.0 
0.0 1.0 242.0 378.0 627.0 1027.0 
0.0 1.0 461.0 696.0 
0.0 37.0 253.0 
0.0 1.0 461.0 696.0 
0.0 1.0 161.0 441.0 686.0 
0.0 1.0 264.0 
0.0 1.0 181.0 336.0 
0.0 115.0 555.0 825.0 
0.0 59.0 234.0 
0.0 83.0 121.0 381.0 496.0 
0.0 37.0 253.0 
0.0 22.0 504.0 743.0 1642.0 2104.0 2297.0 
0.0 22.0 307.0 741.0 838.0 1454.0 1523.0 
0.0 110.0 525.0 1518.0 2039.0 2246.0 2351.0 2551.0 
0.0 8.0 264.0 629.0 804.0 970.0 1742.0 2325.0 
0.0 22.0 307.0 741.0 838.0 1454.0 1523.0 
0.0 1.0 588.0 2309.0 2601.0 2952.0 3043.0 
0.0 6.0 138.0 517.0 779.0 2139.0 3193.0 3460.0 
0.0 22.0 504.0 743.0 1642.0 2104.0 2297.0 
0.0 29.0 400.0 655.0 2796.0 3043.0 
0.0 12.0 119.0 326.0 1791.0 2750.0 2851.0 
0.0 1.0 94.0 418.0 840.0 3766.0 3892.0 
0.0 110.0 525.0 1518.0 2039.0 2246.0 2351.0 2551.0 
0.0 8.0 264.0 629.0 804.0 970.0 1742.0 2325.0 
0.0 22.0 307.0 741.0 838.0 1454.0 1523.0 
0.0 1.0 401.0 599.0 808.0 968.0 2197.0 2311.0 
0.0 30.0 816.0 1242.0 1738.0 2495.0 2667.0 
0.0 206.0 331.0 1081.0 1321.0 1461.0 
0.0 107.0 187.0 1307.0 1477.0 1617.0 
0.0 20.0 145.0 442.0 522.0 592.0 867.0 1027.0 
0.0 206.0 331.0 1081.0 1321.0 1461.0 
0.0 46.0 212.0 726.0 765.0 
0.0 201.0 1051.0 1311.0 1461.0 
0.0 20.0 145.0 442.0 522.0 592.0 867.0 1027.0 
0.0 81.0 331.0 1156.0 1246.0 1376.0 
0.0 81.0 331.0 1156.0 1246.0 1376.0 
0.0 71.0 226.0 1536.0 1656.0 2166.0 
0.0 297.0 457.0 587.0 1137.0 1315.0 1485.0 
0.0 38.0 125.0 174.0 1463.0 1504.0 1627.0 
0.0 71.0 140.0 440.0 589.0 749.0 1017.0 1112.0 
0.0 241.0 431.0 1230.0 1345.0 1500.0 
0.0 11.0 41.0 141.0 337.0 1472.0 1572.0 1872.0 
0.0 241.0 431.0 1230.0 1345.0 1500.0 
0.0 25.0 150.0 230.0 295.0 955.0 1125.0 
0.0 83.0 314.0 1173.0 1337.0 
0.0 71.0 191.0 871.0 951.0 1101.0 
0.0 71.0 191.0 871.0 951.0 1101.0 
0.0 133.0 459.0 565.0 
0.0 21.0 401.0 1406.0 2296.0 
0.0 10.0 145.0 285.0 907.0 1032.0 1547.0 
0.0 38.0 125.0 174.0 1463.0 1504.0 1627.0 
0.0 21.0 106.0 216.0 606.0 681.0 811.0 
0.0 11.0 41.0 141.0 337.0 1472.0 1572.0 1872.0 
0.0 71.0 140.0 440.0 589.0 749.0 1017.0 1112.0 
0.0 16.0 116.0 1446.0 1611.0 
0.0 297.0 457.0 587.0 1137.0 1315.0 1485.0 
0.0 107.0 187.0 1307.0 1477.0 1617.0 
0.0 206.0 331.0 1081.0 1321.0 1461.0 
0.0 45.0 225.0 945.0 1280.0 
0.0 111.0 361.0 1126.0 1246.0 1426.0 
0.0 21.0 106.0 216.0 606.0 681.0 811.0 
0.0 111.0 361.0 1126.0 1246.0 1426.0 
0.0 86.0 156.0 676.0 736.0 1096.0 
0.0 241.0 431.0 1230.0 1345.0 1500.0 
0.0 133.0 459.0 565.0 
0.0 21.0 106.0 216.0 606.0 681.0 811.0 
0.0 10.0 145.0 285.0 907.0 1032.0 1547.0 
0.0 36.0 86.0 241.0 1061.0 1151.0 1251.0 
0.0 52.0 192.0 272.0 812.0 962.0 
0.0 32.0 209.0 979.0 1089.0 1249.0 
0.0 32.0 209.0 979.0 1089.0 1249.0 
0.0 46.0 164.0 248.0 415.0 444.0 1010.0 1213.0 
0.0 60.0 200.0 297.0 432.0 492.0 919.0 1084.0 1204.0 
0.0 58.0 183.0 238.0 408.0 448.0 1298.0 1338.0 1538.0 1688.0 1768.0 
0.0 6.0 56.0 218.0 583.0 701.0 997.0 1106.0 1628.0 1761.0 2067.0 2166.0 
0.0 133.0 287.0 2058.0 2158.0 2893.0 
0.0 129.0 194.0 239.0 337.0 823.0 922.0 1140.0 
0.0 36.0 166.0 286.0 1036.0 1176.0 
0.0 201.0 1051.0 1311.0 1461.0 
0.0 62.0 173.0 752.0 892.0 
0.0 86.0 156.0 676.0 736.0 1096.0 
0.0 111.0 361.0 1126.0 1246.0 1426.0 
0.0 21.0 161.0 1166.0 1266.0 1446.0 
0.0 20.0 125.0 225.0 275.0 845.0 1235.0 
0.0 71.0 140.0 440.0 589.0 749.0 1017.0 1112.0 
0.0 87.0 257.0 367.0 1797.0 2037.0 2297.0 
0.0 32.0 209.0 979.0 1089.0 1249.0 
0.0 46.0 212.0 726.0 765.0 
0.0 11.0 241.0 571.0 
0.0 16.0 246.0 451.0 711.0 
0.0 74.0 374.0 689.0 714.0 
0.0 72.0 422.0 622.0 822.0 
0.0 221.0 436.0 801.0 961.0 
0.0 131.0 276.0 476.0 636.0 
0.0 310.0 828.0 997.0 1186.0 
0.0 47.0 215.0 565.0 
0.0 339.0 529.0 708.0 993.0 
0.0 141.0 426.0 606.0 756.0 
0.0 21.0 131.0 870.0 1070.0 1230.0 
0.0 11.0 518.0 798.0 868.0 1134.0 1298.0 
0.0 2.0 387.0 738.0 790.0 
0.0 32.0 142.0 472.0 692.0 972.0 
0.0 142.0 384.0 679.0 879.0 
0.0 4.0 99.0 319.0 669.0 949.0 
0.0 184.0 539.0 834.0 1024.0 
0.0 72.0 422.0 622.0 822.0 
0.0 1.0 196.0 459.0 575.0 1155.0 1342.0 1608.0 4209.0 
0.0 1.0 440.0 951.0 1182.0 2227.0 2933.0 3063.0 3410.0 5162.0 5330.0 
0.0 1.0 200.0 933.0 1253.0 3639.0 4617.0 4976.0 9294.0 9384.0 9680.0 
0.0 1.0 135.0 323.0 445.0 602.0 743.0 2679.0 2804.0 
0.0 30.0 610.0 716.0 906.0 1035.0 1315.0 1442.0 1492.0 1712.0 3794.0 3994.0 4381.0 
0.0 1.0 245.0 413.0 543.0 961.0 1037.0 1238.0 3366.0 3444.0 
0.0 333.0 529.0 1038.0 1303.0 2128.0 2279.0 2470.0 2705.0 
0.0 1.0 335.0 631.0 738.0 1501.0 1563.0 1801.0 2052.0 2828.0 3906.0 4064.0 4487.0 
0.0 1.0 452.0 1013.0 1256.0 1419.0 1893.0 2405.0 5117.0 5248.0 5351.0 
0.0 1.0 269.0 546.0 653.0 2026.0 2214.0 7550.0 7757.0 
0.0 1.0 224.0 505.0 691.0 1017.0 1335.0 1708.0 1836.0 2061.0 3278.0 3330.0 
0.0 1.0 308.0 808.0 1589.0 2876.0 3171.0 5399.0 6722.0 6837.0 
0.0 1.0 200.0 933.0 1253.0 3639.0 4617.0 4976.0 9294.0 9384.0 9680.0 
0.0 1.0 440.0 951.0 1182.0 2227.0 2933.0 3063.0 3410.0 5162.0 5330.0 
0.0 7.0 447.0 681.0 963.0 1431.0 2007.0 2321.0 2489.0 5121.0 5240.0 6166.0 6289.0 
0.0 1.0 352.0 631.0 785.0 1604.0 1764.0 3216.0 
0.0 94.0 414.0 698.0 959.0 1633.0 2124.0 2436.0 5366.0 5459.0 5766.0 
0.0 1.0 452.0 1013.0 1256.0 1419.0 1893.0 2405.0 5117.0 5248.0 5351.0 
0.0 1.0 567.0 1068.0 1229.0 2464.0 3379.0 3711.0 6866.0 6944.0 7044.0 
0.0 1.0 135.0 323.0 445.0 602.0 743.0 2679.0 2804.0 
0.0 1.0 95.0 327.0 612.0 790.0 1873.0 2120.0 2473.0 6379.0 6495.0 6579.0 
0.0 88.0 387.0 846.0 1106.0 1301.0 1844.0 2376.0 2565.0 5489.0 5661.0 5795.0 
0.0 30.0 610.0 716.0 906.0 1035.0 1315.0 1442.0 1492.0 1712.0 3794.0 3994.0 4381.0 
0.0 1.0 305.0 529.0 764.0 1141.0 1298.0 1565.0 1697.0 1882.0 2256.0 2851.0 3025.0 5771.0 5912.0 7266.0 7348.0 7456.0 
0.0 1.0 567.0 1068.0 1229.0 2464.0 3379.0 3711.0 6866.0 6944.0 7044.0 
0.0 1.0 224.0 505.0 691.0 1017.0 1335.0 1708.0 1836.0 2061.0 3278.0 3330.0 
0.0 473.0 654.0 981.0 1265.0 1994.0 2125.0 3185.0 4076.0 7411.0 7621.0 8236.0 
0.0 1.0 323.0 543.0 736.0 875.0 1608.0 1859.0 2863.0 3000.0 4784.0 4906.0 
0.0 1.0 625.0 895.0 1226.0 3211.0 3702.0 4123.0 8705.0 8815.0 8931.0 
0.0 1.0 625.0 895.0 1226.0 3211.0 3702.0 4123.0 8705.0 8815.0 8931.0 
0.0 1.0 308.0 808.0 1589.0 2876.0 3171.0 5399.0 6722.0 6837.0 
0.0 89.0 241.0 461.0 585.0 708.0 919.0 1108.0 1342.0 3899.0 4016.0 4873.0 5016.0 5224.0 
0.0 1.0 352.0 631.0 785.0 1604.0 1764.0 3216.0 
0.0 1.0 470.0 904.0 1136.0 1841.0 2017.0 3677.0 3850.0 4014.0 
0.0 1.0 308.0 808.0 1589.0 2876.0 3171.0 5399.0 6722.0 6837.0 
0.0 1.0 302.0 501.0 727.0 1077.0 1844.0 1948.0 3649.0 3736.0 3826.0 
0.0 1.0 139.0 555.0 744.0 1556.0 1844.0 4805.0 4976.0 
0.0 473.0 654.0 981.0 1265.0 1994.0 2125.0 3185.0 4076.0 7411.0 7621.0 8236.0 
0.0 1.0 95.0 327.0 612.0 790.0 1873.0 2120.0 2473.0 6379.0 6495.0 6579.0 
0.0 333.0 529.0 1038.0 1303.0 2128.0 2279.0 2470.0 2705.0 
0.0 1.0 302.0 501.0 727.0 1077.0 1844.0 1948.0 3649.0 3736.0 3826.0 
0.0 26.0 81.0 891.0 931.0 1026.0 1636.0 2071.0 2156.0 
0.0 31.0 1366.0 1421.0 1551.0 1671.0 2071.0 2401.0 2511.0 
0.0 45.0 153.0 253.0 2057.0 2337.0 2727.0 4826.0 5266.0 5436.0 
0.0 181.0 1571.0 1741.0 4011.0 5056.0 5246.0 
0.0 218.0 1813.0 1863.0 1993.0 2033.0 2153.0 2183.0 2323.0 2368.0 2778.0 2853.0 3278.0 3583.0 
0.0 71.0 146.0 746.0 886.0 936.0 1116.0 1446.0 1576.0 1626.0 2156.0 2196.0 2496.0 2581.0 
0.0 71.0 146.0 746.0 886.0 936.0 1116.0 1446.0 1576.0 1626.0 2156.0 2196.0 2496.0 2581.0 
0.0 5.0 605.0 1415.0 1505.0 1644.0 
0.0 5.0 605.0 1415.0 1505.0 1644.0 
0.0 61.0 237.0 1200.0 1450.0 1485.0 2315.0 2345.0 2405.0 2445.0 2580.0 2620.0 
0.0 16.0 76.0 1799.0 3217.0 3317.0 3567.0 
0.0 61.0 1341.0 1416.0 1496.0 1936.0 2066.0 2401.0 2501.0 3021.0 3681.0 3816.0 3866.0 4046.0 4096.0 4516.0 4616.0 4846.0 
0.0 5.0 605.0 1415.0 1505.0 1644.0 
0.0 46.0 1215.0 1329.0 1479.0 
0.0 483.0 548.0 703.0 853.0 2633.0 2960.0 3310.0 3740.0 4110.0 4200.0 4375.0 
0.0 21.0 887.0 1622.0 1757.0 2412.0 2552.0 2592.0 3282.0 3662.0 3752.0 
0.0 64.0 1294.0 1384.0 1754.0 1859.0 3069.0 3799.0 4029.0 
0.0 61.0 1341.0 1416.0 1496.0 1936.0 2066.0 2401.0 2501.0 3021.0 3681.0 3816.0 3866.0 4046.0 4096.0 4516.0 4616.0 4846.0 
0.0 43.0 178.0 738.0 943.0 2365.0 3244.0 4864.0 
0.0 11.0 3086.0 3326.0 3646.0 
0.0 11.0 3086.0 3326.0 3646.0 
0.0 31.0 786.0 1036.0 1206.0 1466.0 1616.0 2151.0 2466.0 2675.0 
0.0 10.0 140.0 520.0 1265.0 1615.0 1775.0 3135.0 3945.0 4125.0 
0.0 43.0 178.0 738.0 943.0 2365.0 3244.0 4864.0 
0.0 6.0 671.0 1901.0 2041.0 2606.0 2725.0 2865.0 2885.0 3165.0 3367.0 
0.0 356.0 487.0 3792.0 
0.0 60.0 1010.0 1075.0 1240.0 1835.0 1885.0 1965.0 
0.0 6.0 106.0 1446.0 2085.0 2515.0 2750.0 2970.0 3120.0 
0.0 2.0 82.0 607.0 762.0 822.0 1377.0 
0.0 483.0 548.0 703.0 853.0 2633.0 2960.0 3310.0 3740.0 4110.0 4200.0 4375.0 
0.0 11.0 41.0 986.0 1096.0 1396.0 2156.0 2516.0 3176.0 3315.0 3375.0 
0.0 6.0 671.0 1901.0 2041.0 2606.0 2725.0 2865.0 2885.0 3165.0 3367.0 
0.0 91.0 926.0 1041.0 2311.0 2361.0 2861.0 2931.0 
0.0 111.0 226.0 281.0 441.0 1431.0 2541.0 2601.0 2851.0 2876.0 2996.0 3046.0 3166.0 3261.0 3391.0 3436.0 3566.0 3606.0 4011.0 
0.0 30.0 180.0 1240.0 2020.0 3185.0 3405.0 3725.0 3960.0 4230.0 4400.0 
0.0 222.0 382.0 2502.0 2632.0 2852.0 2942.0 3807.0 3852.0 3952.0 3982.0 4547.0 4582.0 
0.0 31.0 121.0 1341.0 1951.0 2051.0 2861.0 3011.0 3191.0 
0.0 10.0 100.0 1015.0 1900.0 2440.0 2890.0 
0.0 30.0 110.0 2160.0 2220.0 2375.0 2555.0 4240.0 4940.0 5065.0 
0.0 181.0 1571.0 1741.0 4011.0 5056.0 5246.0 
0.0 20.0 1420.0 1600.0 2700.0 3240.0 3457.0 
0.0 64.0 1294.0 1384.0 1754.0 1859.0 3069.0 3799.0 4029.0 
0.0 2.0 82.0 607.0 762.0 822.0 1377.0 
0.0 18.0 34.0 73.0 1844.0 1887.0 2171.0 2231.0 3031.0 3360.0 3461.0 
0.0 91.0 926.0 1041.0 2311.0 2361.0 2861.0 2931.0 
0.0 356.0 487.0 3792.0 
0.0 11.0 361.0 470.0 490.0 577.0 607.0 712.0 752.0 942.0 1176.0 1229.0 
0.0 30.0 110.0 2160.0 2220.0 2375.0 2555.0 4240.0 4940.0 5065.0 
0.0 16.0 586.0 1196.0 1246.0 1471.0 1506.0 2116.0 2186.0 2501.0 2601.0 
0.0 20.0 1630.0 1735.0 1845.0 2575.0 2625.0 3030.0 3065.0 3315.0 
0.0 136.0 1619.0 1914.0 2049.0 2903.0 3003.0 3168.0 3238.0 3452.0 3487.0 3747.0 3827.0 
0.0 60.0 1010.0 1075.0 1240.0 1835.0 1885.0 1965.0 
0.0 20.0 80.0 205.0 1920.0 2090.0 2300.0 2320.0 2390.0 2415.0 3445.0 3715.0 
0.0 182.0 250.0 590.0 1083.0 1231.0 1962.0 2038.0 
0.0 362.0 486.0 3825.0 
0.0 454.0 1029.0 1154.0 1184.0 1289.0 1429.0 1464.0 1749.0 1854.0 1884.0 2104.0 2334.0 2377.0 3557.0 3607.0 3937.0 4102.0 4142.0 4762.0 4917.0 4967.0 5297.0 5407.0 5457.0 
0.0 91.0 926.0 1041.0 2311.0 2361.0 2861.0 2931.0 
0.0 20.0 1420.0 1600.0 2700.0 3240.0 3457.0 
0.0 187.0 572.0 642.0 827.0 857.0 1197.0 1362.0 1438.0 1538.0 
0.0 91.0 926.0 1041.0 2311.0 2361.0 2861.0 2931.0 
0.0 31.0 386.0 1341.0 2381.0 2506.0 2586.0 3051.0 3406.0 3856.0 4071.0 4156.0 4216.0 
0.0 61.0 1341.0 1416.0 1496.0 1936.0 2066.0 2401.0 2501.0 3021.0 3681.0 3816.0 3866.0 4046.0 4096.0 4516.0 4616.0 4846.0 
0.0 46.0 361.0 1541.0 2201.0 
0.0 154.0 339.0 549.0 2249.0 2519.0 2554.0 
0.0 181.0 391.0 636.0 671.0 
0.0 11.0 241.0 801.0 1001.0 1081.0 
0.0 51.0 276.0 1291.0 1396.0 
0.0 187.0 318.0 348.0 566.0 779.0 
0.0 280.0 559.0 1618.0 1966.0 
0.0 41.0 261.0 846.0 1346.0 
0.0 60.0 376.0 665.0 
0.0 87.0 322.0 422.0 872.0 1027.0 1087.0 
0.0 85.0 250.0 750.0 1380.0 
0.0 127.0 277.0 957.0 1427.0 
0.0 15.0 405.0 1015.0 1445.0 1495.0 
0.0 126.0 346.0 631.0 821.0 871.0 
0.0 140.0 230.0 530.0 1100.0 1340.0 1380.0 
0.0 6.0 186.0 669.0 714.0 739.0 
0.0 21.0 426.0 1056.0 1366.0 1656.0 1746.0 
0.0 201.0 396.0 686.0 856.0 1076.0 1186.0 
0.0 58.0 327.0 538.0 1579.0 2352.0 2423.0 
0.0 41.0 166.0 996.0 1511.0 1701.0 1751.0 
0.0 41.0 166.0 996.0 1511.0 1701.0 1751.0 
0.0 140.0 230.0 530.0 1100.0 1340.0 1380.0 
0.0 118.0 438.0 508.0 963.0 1343.0 
0.0 156.0 211.0 346.0 487.0 1207.0 1559.0 
0.0 46.0 361.0 1541.0 2201.0 
0.0 85.0 250.0 750.0 1380.0 
0.0 71.0 431.0 561.0 931.0 1361.0 
0.0 370.0 675.0 1225.0 1745.0 1795.0 
0.0 51.0 175.0 255.0 485.0 1310.0 1600.0 
0.0 10.0 240.0 680.0 995.0 
0.0 20.0 75.0 365.0 1035.0 1425.0 
0.0 46.0 361.0 1541.0 2201.0 
0.0 11.0 161.0 986.0 1211.0 1271.0 
0.0 21.0 426.0 1056.0 1366.0 1656.0 1746.0 
0.0 21.0 426.0 1056.0 1366.0 1656.0 1746.0 
0.0 76.0 346.0 1306.0 1416.0 1441.0 
0.0 199.0 251.0 429.0 489.0 786.0 989.0 
0.0 51.0 276.0 1291.0 1396.0 
0.0 61.0 261.0 881.0 1121.0 
0.0 11.0 161.0 986.0 1211.0 1271.0 
0.0 120.0 265.0 455.0 875.0 1145.0 1550.0 1745.0 
0.0 51.0 175.0 255.0 485.0 1310.0 1600.0 
0.0 157.0 577.0 1902.0 2077.0 3442.0 
0.0 127.0 277.0 957.0 1427.0 
0.0 86.0 291.0 376.0 1006.0 1396.0 
0.0 370.0 675.0 1225.0 1745.0 1795.0 
0.0 76.0 346.0 1306.0 1416.0 1441.0 
0.0 126.0 346.0 631.0 821.0 871.0 
0.0 280.0 559.0 1618.0 1966.0 
0.0 136.0 584.0 917.0 1081.0 1151.0 
0.0 370.0 675.0 1225.0 1745.0 1795.0 
0.0 61.0 261.0 881.0 1121.0 
0.0 118.0 438.0 508.0 963.0 1343.0 
0.0 140.0 230.0 530.0 1100.0 1340.0 1380.0 
0.0 86.0 291.0 376.0 1006.0 1396.0 
0.0 6.0 186.0 669.0 714.0 739.0 
0.0 41.0 639.0 855.0 966.0 1441.0 1772.0 1944.0 2089.0 2934.0 3020.0 3390.0 
0.0 4.0 933.0 1254.0 1653.0 1771.0 2328.0 2453.0 2931.0 
0.0 24.0 142.0 339.0 904.0 1129.0 2309.0 2775.0 
0.0 4.0 396.0 587.0 1066.0 1755.0 2553.0 2819.0 4084.0 4226.0 
0.0 3.0 310.0 655.0 952.0 1838.0 2196.0 
0.0 1.0 623.0 771.0 1004.0 1128.0 1181.0 2807.0 2913.0 3425.0 
0.0 1.0 157.0 361.0 556.0 1593.0 1771.0 2146.0 2249.0 2329.0 
0.0 1.0 165.0 397.0 497.0 556.0 843.0 1154.0 
0.0 4.0 933.0 1254.0 1653.0 1771.0 2328.0 2453.0 2931.0 
0.0 24.0 142.0 339.0 904.0 1129.0 2309.0 2775.0 
0.0 1.0 165.0 397.0 497.0 556.0 843.0 1154.0 
0.0 1.0 217.0 479.0 870.0 917.0 1317.0 1412.0 1578.0 
0.0 11.0 113.0 231.0 372.0 468.0 1085.0 1185.0 
0.0 3.0 310.0 655.0 952.0 1838.0 2196.0 
0.0 961.0 1280.0 2148.0 4151.0 4297.0 4642.0 
0.0 41.0 639.0 855.0 966.0 1441.0 1772.0 1944.0 2089.0 2934.0 3020.0 3390.0 
0.0 43.0 103.0 476.0 587.0 694.0 1185.0 1330.0 1748.0 1814.0 2199.0 
0.0 1.0 217.0 479.0 870.0 917.0 1317.0 1412.0 1578.0 
0.0 1.0 399.0 584.0 733.0 932.0 1542.0 1633.0 1828.0 
0.0 1.0 184.0 701.0 1082.0 1201.0 1486.0 3778.0 3943.0 
0.0 16.0 197.0 646.0 1213.0 1363.0 1787.0 7578.0 7652.0 7836.0 
0.0 4.0 933.0 1254.0 1653.0 1771.0 2328.0 2453.0 2931.0 
0.0 961.0 1280.0 2148.0 4151.0 4297.0 4642.0 
0.0 3.0 310.0 655.0 952.0 1838.0 2196.0 
0.0 140.0 748.0 960.0 1155.0 1515.0 1633.0 1957.0 2255.0 2633.0 4735.0 4887.0 5128.0 
0.0 163.0 525.0 2220.0 2655.0 2969.0 3116.0 
0.0 1.0 629.0 853.0 1079.0 1275.0 3500.0 3639.0 3881.0 
0.0 6.0 408.0 917.0 1055.0 1423.0 1671.0 2076.0 2907.0 3330.0 
0.0 3.0 170.0 272.0 398.0 605.0 811.0 1350.0 1467.0 1648.0 
0.0 1.0 157.0 361.0 556.0 1593.0 1771.0 2146.0 2249.0 2329.0 
0.0 1.0 220.0 398.0 741.0 1036.0 2077.0 2261.0 3051.0 3175.0 3478.0 
0.0 1.0 157.0 361.0 556.0 1593.0 1771.0 2146.0 2249.0 2329.0 
0.0 31.0 130.0 528.0 3143.0 3258.0 3417.0 
0.0 76.0 848.0 1676.0 1900.0 2596.0 2941.0 4163.0 4394.0 
0.0 11.0 184.0 443.0 1030.0 1309.0 1922.0 2879.0 2986.0 3490.0 
0.0 44.0 279.0 921.0 1150.0 1470.0 1973.0 2247.0 2729.0 
0.0 509.0 734.0 2363.0 2493.0 2777.0 
0.0 1.0 143.0 350.0 833.0 963.0 1452.0 1672.0 2345.0 2464.0 2634.0 
0.0 1.0 399.0 584.0 733.0 932.0 1542.0 1633.0 1828.0 
0.0 1.0 271.0 753.0 1225.0 1420.0 2616.0 2681.0 
0.0 76.0 848.0 1676.0 1900.0 2596.0 2941.0 4163.0 4394.0 
0.0 31.0 130.0 528.0 3143.0 3258.0 3417.0 
0.0 734.0 1678.0 2017.0 2355.0 3931.0 4062.0 4376.0 
0.0 1.0 203.0 594.0 1686.0 1970.0 2137.0 2652.0 3316.0 3414.0 3674.0 
0.0 32.0 182.0 404.0 946.0 1202.0 1992.0 2047.0 2181.0 
0.0 32.0 182.0 404.0 946.0 1202.0 1992.0 2047.0 2181.0 
0.0 437.0 636.0 1117.0 1568.0 1965.0 
0.0 71.0 195.0 481.0 650.0 769.0 933.0 1435.0 1565.0 
0.0 437.0 636.0 1117.0 1568.0 1965.0 
0.0 1.0 623.0 771.0 1004.0 1128.0 1181.0 2807.0 2913.0 3425.0 
0.0 1.0 143.0 350.0 833.0 963.0 1452.0 1672.0 2345.0 2464.0 2634.0 
0.0 734.0 1678.0 2017.0 2355.0 3931.0 4062.0 4376.0 
0.0 3.0 310.0 655.0 952.0 1838.0 2196.0 
0.0 1.0 179.0 546.0 847.0 1021.0 1193.0 2157.0 2233.0 2615.0 
0.0 1.0 110.0 859.0 947.0 1312.0 
0.0 437.0 636.0 1117.0 1568.0 1965.0 
